12.9816666667
12.164
12.225
12.1566666667
12.4016666667
12.1053333333
12.064
11.0236666667
11.1213333333
10.736952381
10.5172380952
10.6243333333
10.364
10.1863333333
10.2083333333
9.84166666667
9.26533333333
9.332
9.29133333333
8.86266666667
8.794
8.34833333333
8.195
7.97633333333
7.82957142857
7.87066666667
7.20166666667
6.66566666667
6.685
6.86519047619
7.04304761905
6.84776190476
6.89714285714
7.01347619048
7.06723809524
6.93461904762
6.57504761905
6.68504761905
6.98595238095
6.33042857143
5.90904761905
5.76180952381
5.99766666667
6.22866666667
5.99704761905
5.97080952381
5.78838095238
5.81542857143
5.7699047619
5.78633333333
5.44323809524
5.39166666667
5.51842857143
5.51461904762
5.46014285714
5.28219047619
4.99533333333
4.84114285714
4.91104761905
4.87071428571
4.69528571429
4.53014285714
4.54166666667
4.56695238095
4.45704761905
4.50585714286
4.49852380952
4.5670952381
4.39842857143
4.2750952381
4.45266666667
4.29266666667
4.35719047619
4.36123809524
4.24057142857
3.975
4.20371428571
4.18961904762
4.03442857143
4.16033333333
4.117
4.27528571429
4.29066666667
4.25438095238
4.1670952381
4.09047619048
4.25485714286
4.11185714286
4.09919047619
4.25323809524
4.14976190476
4.19661904762
4.27980952381
4.06152380952
3.92861904762
3.72266666667
3.52861904762
3.55857142857
3.47861904762
3.57985714286
12.0966666667
11.3053333333
10.8163333333
10.7916666667
10.4393333333
10.232
10.2103333333
9.67866666667
9.46533333333
9.37571428571
9.2999047619
9.191
8.72723809524
8.68780952381
8.53680952381
8.48047619048
7.96571428571
8.10857142857
8.00838095238
7.80114285714
8.1660952381
7.64357142857
7.65876190476
7.6799047619
7.32095238095
6.75847619048
6.50895238095
6.43176190476
6.54980952381
6.28814285714
6.30371428571
6.19628571429
6.217
6.224
6.47061904762
6.42119047619
6.44228571429
6.06485714286
6.1689047619
5.99819047619
6.03542857143
6.25614285714
6.23047619048
5.76823809524
5.45452380952
5.34538095238
5.03580952381
4.76657142857
4.6080952381
4.67633333333
4.62485714286
4.44638095238
4.67752380952
4.61014285714
4.61361904762
4.82704761905
4.86466666667
4.88252380952
4.68680952381
4.66128571429
4.56738095238
4.67142857143
4.91319047619
5.17014285714
5.21695238095
5.0890952381
4.93761904762
4.9170952381
4.72704761905
4.90533333333
5.15752380952
5.00266666667
4.8130952381
5.11628571429
4.89057142857
4.79395238095
4.90014285714
4.93252380952
5.05476190476
5.08871428571
5.05023809524
4.87814285714
5.20195238095
4.80852380952
4.6930952381
4.58904761905
4.75223809524
5.07080952381
4.84385714286
5.03142857143
4.92480952381
4.67266666667
4.62657142857
4.58471428571
4.56880952381
4.55723809524
4.65442857143
4.5730952381
4.40780952381
4.71619047619
