4.0
4.0
3.0
3.0
5.5
3.6
4.4
4.4
3.4
2.71428571429
2.0
2.83333333333
3.0
3.16666666667
3.0
1.66666666667
1.66666666667
2.5
2.5
2.5
2.5
2.5
2.5
2.5
1.42857142857
2.5
1.66666666667
1.66666666667
2.0
1.66666666667
1.66666666667
1.0
1.0
1.0
1.66666666667
1.71428571429
0.714285714286
0.714285714286
0.714285714286
2.14285714286
1.71428571429
1.42857142857
1.71428571429
1.42857142857
1.42857142857
1.42857142857
1.14285714286
1.83333333333
1.71428571429
1.42857142857
1.42857142857
1.66666666667
1.71428571429
1.71428571429
1.42857142857
1.71428571429
1.0
1.0
1.57142857143
1.66666666667
1.42857142857
1.42857142857
1.42857142857
0.714285714286
0.857142857143
1.42857142857
1.57142857143
1.42857142857
0.714285714286
0.714285714286
1.42857142857
0.857142857143
1.57142857143
1.57142857143
0.857142857143
0.857142857143
1.42857142857
1.57142857143
1.42857142857
1.42857142857
1.0
1.42857142857
1.42857142857
1.42857142857
1.42857142857
1.42857142857
0.714285714286
1.42857142857
1.66666666667
1.66666666667
1.42857142857
1.42857142857
1.28571428571
1.28571428571
0.857142857143
1.0
0.714285714286
1.28571428571
1.28571428571
1.42857142857
while into delicious battle some friendship shyly 8.33333333333
4.6
4.6
4.6
4.6
3.0
3.0
3.0
3.2
2.28571428571
1.42857142857
2.0
1.42857142857
1.42857142857
1.42857142857
1.42857142857
1.57142857143
1.42857142857
1.42857142857
1.42857142857
2.0
2.0
2.14285714286
2.0
1.42857142857
1.42857142857
1.42857142857
0.714285714286
1.42857142857
1.66666666667
1.66666666667
1.66666666667
1.66666666667
1.66666666667
1.66666666667
1.66666666667
1.66666666667
1.42857142857
1.66666666667
1.66666666667
1.66666666667
1.42857142857
1.66666666667
1.28571428571
1.28571428571
1.42857142857
1.42857142857
0.714285714286
1.42857142857
0.714285714286
0.714285714286
0.714285714286
1.42857142857
0.714285714286
0.714285714286
0.714285714286
1.0
0.714285714286
0.714285714286
1.42857142857
0.714285714286
0.714285714286
1.0
0.714285714286
1.42857142857
1.42857142857
1.57142857143
0.857142857143
1.0
1.42857142857
1.0
1.0
1.66666666667
1.42857142857
0.714285714286
1.42857142857
1.42857142857
1.42857142857
1.42857142857
1.42857142857
0.714285714286
0.714285714286
1.42857142857
1.42857142857
0.857142857143
0.714285714286
2.0
2.0
1.42857142857
2.0
0.714285714286
1.0
1.0
2.0
1.42857142857
1.42857142857
1.42857142857
0.714285714286
0.714285714286
1.42857142857
warm strictly curve bear during increase yet 